bus=[
1    0      0
2    44.1   44.99
3    70.1   71.44
4    40     142.82
5    44.1   44.99
6    140    142.82
7    140    142.82
8    70     71.414
9    70     71.414
10   44.1   44.99
11   140    142.82
12   70     71.414
13   44.1   44.99
14   70     71.414
15   140    142.82
];
line=[
   1     1	2	1.35309	1.32349
   2     2	3	1.17024	1.14464
   3     3	4	0.84111	0.82271
   4     4	5	1.52348	1.0276
   5     2	9	2.01317	1.3279
   6     9	10	1.68671	1.1377
   7     2	6	2.55727	1.7249
   8     6	7	1.0882	0.734
   9     6	8	1.25143	0.8441
   10    3	11	1.79553	1.2111
   11    11	12	2.44845	1.6515
   12    12	13	2.01317	1.3579
   13    4	14	2.23081	1.5047
   14    4	15	1.9702	0.8074
 ];